% 1/CLOCKS_PER_SEC: 0.001000 	True resolution: 0.010000
%
%Size:		MFLOPS:		Time (sec):	MFLOPS/Sec:
100		9.950000	0.070000	142.142857
101		10.252005	0.081000	126.567963
102		10.560060	0.080000	132.000750
103		10.874225	0.080000	135.927812
104		11.194560	0.090000	124.384000
105		11.521125	0.090000	128.012500
106		11.853980	0.100000	118.539800
107		12.193185	0.090000	135.479833
108		12.538800	0.101000	124.146535
109		12.890885	0.090000	143.232056
110		13.249500	0.110000	120.450000
111		13.614705	0.100000	136.147050
112		13.986560	0.100000	139.865600
113		14.365125	0.110000	130.592045
114		14.750460	0.110000	134.095091
115		15.142625	0.111000	136.420045
116		15.541680	0.120000	129.514000
117		15.947685	0.120000	132.897375
118		16.360700	0.120000	136.339167
119		16.780785	0.120000	139.839875
120		17.208000	0.120000	143.400000
121		17.642405	0.121000	145.805000
122		18.084060	0.130000	139.108154
123		18.533025	0.130000	142.561731
124		18.989360	0.130000	146.072000
125		19.453125	0.150000	129.687500
126		19.924380	0.141000	141.307660
127		20.403185	0.150000	136.021233
128		20.889600	0.150000	139.264000
129		21.383685	0.160000	133.648031
130		21.885500	0.161000	135.934783
131		22.395105	0.160000	139.969406
132		22.912560	0.160000	143.203500
133		23.437925	0.170000	137.870147
134		23.971260	0.170000	141.007412
135		24.512625	0.180000	136.181250
136		25.062080	0.200000	125.310400
137		25.619685	0.190000	134.840447
138		26.185500	0.201000	130.276119
139		26.759585	0.190000	140.839921
140		27.342000	0.200000	136.710000
141		27.932805	0.200000	139.664025
142		28.532060	0.211000	135.223033
143		29.139825	0.210000	138.761071
144		29.756160	0.210000	141.696000
145		30.381125	0.221000	137.471154
146		31.014780	0.210000	147.689429
147		31.657185	0.220000	143.896295
148		32.308400	0.231000	139.863203
149		32.968485	0.230000	143.341239
150		33.637500	0.240000	140.156250
151		34.315505	0.241000	142.387988
152		35.002560	0.250000	140.010240
153		35.698725	0.250000	142.794900
154		36.404060	0.261000	139.479157
155		37.118625	0.260000	142.763942
156		37.842480	0.261000	144.990345
157		38.575685	0.270000	142.872907
158		39.318300	0.270000	145.623333
159		40.070385	0.281000	142.599235
160		40.832000	0.290000	140.800000
161		41.603205	0.291000	142.966340
162		42.384060	0.290000	146.151931
163		43.174625	0.311000	138.825161
164		43.974960	0.310000	141.854710
165		44.785125	0.320000	139.953516
166		45.605180	0.321000	142.072212
167		46.435185	0.320000	145.109953
168		47.275200	0.341000	138.636950
169		48.125285	0.330000	145.834197
170		48.985500	0.341000	143.652493
171		49.855905	0.340000	146.635015
172		50.736560	0.351000	144.548604
173		51.627525	0.370000	139.533851
174		52.528860	0.381000	137.871024
175		53.440625	0.381000	140.264108
176		54.362880	0.390000	139.392000
177		55.295685	0.381000	145.133031
178		56.239100	0.390000	144.202821
179		57.193185	0.411000	139.156168
180		58.158000	0.410000	141.848780
181		59.133605	0.411000	143.877384
182		60.120060	0.421000	142.802993
183		61.117425	0.430000	142.133547
184		62.125760	0.431000	144.143295
185		63.145125	0.440000	143.511648
186		64.175580	0.441000	145.522857
187		65.217185	0.461000	141.468948
188		66.270000	0.470000	141.000000
189		67.334085	0.471000	142.959841
190		68.409500	0.481000	142.223493
191		69.496305	0.481000	144.482963
192		70.594560	0.490000	144.070531
193		71.704325	0.501000	143.122405
194		72.825660	0.501000	145.360599
195		73.958625	0.510000	145.016912
196		75.103280	0.541000	138.823068
197		76.259685	0.521000	146.371756
198		77.427900	0.531000	145.815254
199		78.607985	0.541000	145.301266
200		79.800000	0.560000	142.500000
201		81.004005	0.561000	144.392166
202		82.220060	0.561000	146.559822
203		83.448225	0.581000	143.628614
204		84.688560	0.581000	145.763442
205		85.941125	0.591000	145.416455
206		87.205980	0.590000	147.806746
207		88.483185	0.611000	144.816997
208		89.772800	0.621000	144.561675
209		91.074885	0.631000	144.334208
210		92.389500	0.651000	141.919355
211		93.716705	0.641000	146.203908
212		95.056560	0.641000	148.294165
213		96.409125	0.671000	143.679769
214		97.774460	0.661000	147.919002
215		99.152625	0.681000	145.598568
216		100.543680	0.691000	145.504602
217		101.947685	0.691000	147.536447
218		103.364700	0.701000	147.453210
219		104.794785	0.711000	147.390696
220		106.238000	0.731000	145.332421
221		107.694405	0.761000	141.516958
222		109.164060	0.741000	147.319919
223		110.647025	0.761000	145.396879
224		112.143360	0.771000	145.451829
225		113.653125	0.781000	145.522567
226		115.176380	0.812000	141.842833
227		116.713185	0.811000	143.912682
228		118.263600	0.821000	144.048234
229		119.827685	0.821000	145.953331
230		121.405500	0.831000	146.095668
231		122.997105	0.842000	146.077322
232		124.602560	0.841000	148.160000
233		126.221925	0.861000	146.599216
234		127.855260	0.871000	146.791343
235		129.502625	0.892000	145.182315
236		131.164080	0.901000	145.576115
237		132.839685	0.901000	147.435832
238		134.529500	0.922000	145.910521
239		136.233585	0.941000	144.775329
240		137.952000	0.951000	145.059937
241		139.684805	0.942000	148.285356
242		141.432060	0.951000	148.719306
243		143.193825	0.972000	147.318750
244		144.970160	0.991000	146.286741
245		146.761125	1.001000	146.614510
246		148.566780	1.012000	146.805119
247		150.387185	1.021000	147.294011
248		152.222400	1.052000	144.698099
249		154.072485	1.041000	148.004308
250		155.937500	1.062000	146.833804
251		157.817505	1.071000	147.355280
252		159.712560	1.092000	146.256923
253		161.622725	1.092000	148.006158
254		163.548060	1.111000	147.207975
255		165.488625	1.122000	147.494318
256		167.444480	1.142000	146.623888
257		169.415685	1.151000	147.189996
258		171.402300	1.172000	146.247696
259		173.404385	1.182000	146.704217
260		175.422000	1.201000	146.063281
261		177.455205	1.192000	148.871816
262		179.504060	1.222000	146.893666
263		181.568625	1.222000	148.583163
264		183.648960	1.241000	147.984658
265		185.745125	1.282000	144.886993
266		187.857180	1.292000	145.400294
267		189.985185	1.282000	148.194372
268		192.129200	1.292000	148.706811
269		194.289285	1.332000	145.862827
270		196.465500	1.332000	147.496622
271		198.657905	1.342000	148.031226
272		200.866560	1.362000	147.479119
273		203.091525	1.382000	146.954794
274		205.332860	1.392000	147.509239
275		207.590625	1.412000	147.018856
276		209.864880	1.402000	149.689643
277		212.155685	1.432000	148.153411
278		214.463100	1.492000	143.742024
279		216.787185	1.452000	149.302469
280		219.128000	1.532000	143.033943
281		221.485605	1.522000	145.522737
282		223.860060	1.512000	148.055595
283		226.251425	1.532000	147.683698
284		228.659760	1.552000	147.332320
285		231.085125	1.592000	145.153973
286		233.527580	1.573000	148.460000
287		235.987185	1.632000	144.599991
288		238.464000	1.693000	140.852924
289		240.958085	1.672000	144.113687
290		243.469500	1.773000	137.320643
291		245.998305	1.682000	146.253451
292		248.544560	1.692000	146.893948
293		251.108325	1.723000	145.739016
294		253.689660	1.722000	147.322683
295		256.288625	1.763000	145.370746
296		258.905280	1.863000	138.972238
297		261.539685	1.792000	145.948485
298		264.191900	1.823000	144.921503
299		266.861985	1.843000	144.797604
300		269.550000	1.892000	142.468288
