%Size:	MFLOPS:		MFLOPS/Sec:

100		9.95	47.1563981042654
101		10.252005	56.95558333333334
102		10.56006	44.00025
103		10.874225	43.32360557768924
104		11.19456	50.88436363636363
105		11.521125	50.091847826086955
106		11.85398	56.18
107		12.193185	55.42356818181818
108		12.5388	50.1552
109		12.890885	49.580326923076925
110		13.2495	37.855714285714285
111		13.614705	33.125802919708036
112		13.98656	51.80207407407407
113		14.365125	51.121441281138786
114		14.75046	52.680214285714285
115		15.142625	50.307724252491695
116		15.54168	55.50599999999999
117		15.947685	56.75332740213523
118		16.3607	51.127187500000005
119		16.780785	50.69723564954683
120		17.208	52.14545454545454
121		17.642405	51.737258064516126
122		18.08406	51.66874285714286
123		18.533025	49.954245283018864
124		18.98936	28.72822995461422
125		19.453125	28.152134587554272
126		19.92438	51.088153846153844
127		20.403185	49.64278588807786
128		20.8896	48.4677494199536
129		21.383685	49.7295
130		21.8855	54.57730673316708
131		22.395105	52.08163953488372
132		22.91256	57.13855361596009
133		23.437925	55.67203087885986
134		23.97126	53.269466666666666
135		24.512625	47.96991193737769
136		25.06208	55.570022172949
137		25.619685	54.39423566878981
138		26.1855	55.71382978723405
139		26.759585	54.50017311608962
140		27.342	41.364599092284415
141		27.932805	41.6286214605067
142		28.53206	35.6205493133583
143		29.139825	35.493087697929354
144		29.75616	47.15714738510301
145		30.381125	50.55095673876872
146		31.01478	41.855303643724696
147		31.657185	50.16986529318542
148		32.3084	52.87790507364976
149		32.968485	53.08934782608696
150		33.6375	53.308240887480196
151		34.315505	51.14084202682563
152		35.00256	52.953948562783665
153		35.698725	51.66240955137483
154		36.40406	51.201209563994375
155		37.118625	50.777872777017784
156		37.84248	29.986117274167988
157		38.575685	29.628022273425497
158		39.3183	50.996498054474706
159		40.070385	51.306510883482716
160		40.832	44.286334056399134
161		41.603205	43.74679810725552
162		42.38406	35.857918781725886
163		43.174625	35.94889675270608
164		43.97496	48.27108671789243
165		44.785125	41.04961044912924
166		45.60518	41.801264894592116
167		46.435185	41.02048144876325
168		47.2752	50.77894736842105
169		48.125285	50.02628378378378
170		48.9855	48.936563436563446
171		49.855905	47.391544676806085
172		50.73656	38.968172043010746
173		51.627525	35.80272191400832
174		52.52886	34.06540856031128
175		53.440625	33.56823178391959
176		54.36288	46.78388984509466
177		55.295685	46.38899748322148
178		56.2391	35.105555555555554
179		57.193185	34.620572033898306
180		58.158	45.048799380325335
181		59.133605	45.07134527439025
182		60.12006	32.27056360708535
183		61.117425	32.80591787439614
184		62.12576	42.78633608815427
185		63.145125	42.60804655870445
186		64.17558	40.56610619469026
187		65.217185	37.203185966913864
188		66.27	28.40548649807115
189		67.334085	28.483115482233504
190		68.4095	42.43765508684863
191		69.496305	42.58352022058824
192		70.59456	34.2193698497334
193		71.704325	33.93484382394699
194		72.82566	42.02288517022504
195		73.958625	41.248535973229224
196		75.10328	43.11324913892078
197		76.259685	42.29599833610649
198		77.4279	40.90221870047543
199		78.607985	40.89905567117586
200		79.8	37.58831841733396
201		81.004005	37.277498849516796
202		82.22006	39.662354076218044
203		83.448225	37.37045454545454
204		84.68856	33.55331220285261
205		85.941125	34.198617190608836
206		87.20598	32.73497747747747
207		88.483185	32.6025
208		89.7728	36.882826622843055
209		91.074885	31.579363730929263
210		92.3895	33.669642857142854
211		93.716705	33.90618849493488
212		95.05656	39.05364009860312
213		96.409125	38.3641563867887
214		97.77446	36.84041446872645
215		99.152625	37.64336560364465
216		100.54368	38.17148063781321
217		101.947685	33.93731191744341
218		103.3647	32.55581102362205
219		104.794785	37.10863491501417
220		106.238	27.480082772891876
221		107.694405	30.551604255319152
222		109.16406	34.49101421800948
223		110.647025	36.956254175016696
224		112.14336	34.45264516129033
225		113.653125	34.927204978488014
226		115.17638	34.34000596302921
227		116.713185	33.49015351506456
228		118.2636	35.57870036101083
229		119.827685	35.399611521418024
230		121.4055	30.53458249496982
231		122.997105	30.3247300295858
232		124.60256	33.630920377867746
233		126.221925	34.71450082508251
234		127.85526	32.82548395378691
235		129.502625	32.57108274647887
236		131.16408	30.460771017185326
237		132.839685	30.211436206504434
238		134.5295	30.055741733690798
239		136.233585	30.566207089970835
240		137.952	32.64363464268812
241		139.684805	32.43957385044125
242		141.43206	30.96826363039194
243		143.193825	31.42972453906936
244		144.97016	31.68054195804196
245		146.761125	30.78689427312775
246		148.56678	30.842179779946022
247		150.387185	30.9629781758287
248		152.2224	31.66681922196796
249		154.072485	31.01922387759211
250		155.9375	31.325331458417036
251		157.817505	31.08479515461887
252		159.71256	28.177939308398024
253		161.622725	28.717612828713573
254		163.54806	30.529785327608735
255		165.488625	30.32037834371565
256		167.44448	29.542074805928017
257		169.415685	29.837211165903486
258		171.4023	28.624298597194386
259		173.404385	28.85744466633383
260		175.422	29.58711418451678
261		177.455205	28.719081566596536
262		179.50406	29.145000811820104
263		181.568625	29.148920372451435
264		183.64896	28.610213428883004
265		185.745125	28.48851610429448
266		187.85718	28.253448638893065
267		189.985185	28.398383408071748
268		192.1292	27.684322766570602
269		194.289285	28.322053206997083
270		196.4655	28.51458635703919
271		198.657905	27.43893715469613
272		200.86656	27.51596712328767
273		203.091525	27.893355995055625
274		205.33286	28.089310533515736
275		207.590625	27.712004405286343
276		209.86488	27.537708962078465
277		212.155685	27.477747053490482
278		214.4631	27.776596295816603
279		216.787185	27.825335001925296
280		219.128	27.804593325720084
281		221.485605	27.139517828697464
282		223.86006	27.528290703394
283		226.251425	27.28550711529185
284		228.65976	26.364552058111382
285		231.085125	26.102465266011524
286		233.52758	26.501087153881073
287		235.987185	26.241208161903703
288		238.464	27.05820946329286
289		240.958085	26.764199155836945
290		243.4695	26.68743834265045
291		245.998305	26.64337755875663
292		248.54456	25.63900969671962
293		251.108325	25.69145948434623
294		253.68966	26.250999586092718
295		256.288625	25.90343895290075
296		258.90528	25.674859182863944
297		261.539685	25.257333172380495
298		264.1919	25.81259404005862
299		266.861985	25.306968705547654
300		269.55	25.48695158850227
