0.029567
0.032056
0.035863
0.039804
0.044659
0.049134
0.053701
0.059946
0.067457
0.075209
0.083488
0.093499
0.104785
0.117057
0.131531
0.149521
0.164570
0.179827
0.198950
0.222503
0.250514
0.280560
0.308425
0.343922
0.380769
0.421389
0.469020
0.518416
0.578999
0.645689
0.713959
0.789365
0.863669
0.931203
0.991643
1.050864
1.122586
1.278901
1.474622
1.706840
2.008299
2.236888
2.324332
2.370263
2.429414
2.476442
2.519245
2.614430
2.744374
2.831061
2.964227
3.113331
3.161308
3.372059
3.598050
3.906708
3.928961
3.961130
3.963451
3.998984
4.025556
4.062738
4.073944
4.092857
4.112347
4.142502
4.173396
4.189111
4.214253
4.235987
4.265881
4.314943
4.337000
4.374876
4.431080
4.444202
4.477758
4.518595
4.546833
4.592597
4.626569
4.658871
4.730019
4.781064
4.827663
4.891553
4.954861
5.046742
5.112462
5.223825
5.310545
5.423422
5.555292
5.806312
6.074080
6.463983
