1.999999
1.949999
1.899999
1.849999
1.799999
1.749999
1.699999
1.649999
1.600000
1.550000
1.500000
1.450000
1.400000
1.350000
1.300000
1.250000
1.200000
1.150000
1.100000
1.050000
1.000000
0.950000
0.900000
0.850000
0.800000
0.750000
0.700000
0.650000
0.600000
0.550000
0.500000
0.450000
0.400000
0.350000
0.300000
0.250000
0.300000
0.250000
0.200000
0.150000
0.100000
0.080000
0.075000
0.070000
0.065000
0.060000
0.055000
0.050000
0.045000
0.040000
0.035000
0.030000
0.025000
0.020000
0.015000
0.010000
0.009750
0.009500
0.009250
0.009000
0.008750
0.008500
0.008250
0.008000
0.007750
0.007500
0.007250
0.007000
0.006750
0.006500
0.006250
0.006000
0.005750
0.005500
0.005250
0.005000
0.004750
0.004500
0.004250
0.004000
0.003750
0.003500
0.003250
0.003000
0.002750
0.002500
0.002250
0.002000
0.001750
0.001500
0.001250
0.001000
0.000750
0.000750
0.000500
0.000250
