  1.9746000e-002
  2.1994000e-002
  2.5849000e-002
  2.9523000e-002
  3.4116000e-002
  3.7457000e-002
  4.0125000e-002
  4.3794000e-002
  4.9685000e-002
  5.5044000e-002
  6.3550000e-002
  7.0689000e-002
  8.1479000e-002
  9.2908000e-002
  1.0579300e-001
  1.1624200e-001
  1.3242300e-001
  1.5346600e-001
  1.7330300e-001
  1.9670400e-001
  2.2724800e-001
  2.5337800e-001
  2.7397100e-001
  3.0210500e-001
  3.4197200e-001
  3.8183600e-001
  4.2245600e-001
  4.6858000e-001
  5.2836500e-001
  5.8773500e-001
  6.7439000e-001
  7.6735400e-001
  8.6319400e-001
  9.8995800e-001
  1.1225860e+000
  1.2789010e+000
  1.4746220e+000
  1.7068400e+000
  2.0082990e+000
  2.3479290e+000
  2.5000000e+000
