  2.9567000e-002
  3.2056000e-002
  3.5863000e-002
  3.9804000e-002
  4.4659000e-002
  4.9134000e-002
  5.3701000e-002
  5.9946000e-002
  6.7457000e-002
  7.5209000e-002
  8.3488000e-002
  9.3499000e-002
  1.0478500e-001
  1.1705700e-001
  1.3153100e-001
  1.4952100e-001
  1.6457000e-001
  1.7982700e-001
  1.9895000e-001
  2.2250300e-001
  2.5051400e-001
  2.8056000e-001
  3.0842500e-001
  3.4392200e-001
  3.8076900e-001
  4.2138900e-001
  4.6902000e-001
  5.1841600e-001
  5.7899900e-001
  6.4568900e-001
  7.1395900e-001
  7.8936500e-001
  8.6366900e-001
  9.3120300e-001
  9.9164300e-001
  1.0508640e+000
  1.0922920e+000
  1.0984670e+000
  1.1017640e+000
  1.1032690e+000
  1.1250000e+000
