%Size:	MFLOPS:		MFLOPS/Sec:

75		4.190625	41.90624999999999
76		4.36088	54.510999999999996
77		4.535685	56.6960625
78		4.7151	52.39
79		4.899185	53.83719780219781
80		5.088	50.879999999999995
81		5.281605	48.014590909090906
82		5.48006	45.66716666666667
83		5.683425	47.361875
84		5.89176	53.561454545454545
85		6.105125	55.001126126126124
86		6.32358	52.6965
87		6.547185	54.559875
88		6.776	56.46666666666667
89		7.010085	50.07203571428571
90		7.2495	51.414893617021285
91		7.494305	53.53074999999999
92		7.74456	45.55623529411764
93		8.000325	44.44625
94		8.26166	54.712980132450326
95		8.528625	53.30390625
96		8.80128	51.77223529411764
97		9.079685	50.44269444444444
98		9.3639	49.025654450261776
99		9.653985	48.269925
100		9.95	55.27777777777778
101		10.252005	53.67541884816754
102		10.56006	42.24024
103		10.874225	43.4969
104		11.19456	48.461298701298695
105		11.521125	46.0845
106		11.85398	53.881727272727275
107		12.193185	55.17278280542986
108		12.5388	50.1552
109		12.890885	47.56784132841329
110		13.2495	37.855714285714285
111		13.614705	37.71386426592798
112		13.98656	49.952
113		14.365125	51.30401785714285
114		14.75046	49.004850498338875
115		15.142625	47.320703125
116		15.54168	53.40783505154639
117		15.947685	51.44414516129032
118		16.3607	49.42809667673716
119		16.780785	49.35525
120		17.208	49.02564102564102
121		17.642405	49.006680555555555
122		18.08406	48.74409703504043
123		18.533025	42.025
124		18.98936	27.88452276064611
